pip install keras
pip install numpy
pip install pandas
pip install scapy
pip install scipy
pip install scikit-learn
pip install tensorflow

Level 3.
    6854,2,0,1,0,0,0,0,0,0,0,0,0,0,0,0,0,0,0,0,0,0,0,0,0,0,0,0,0,0,0,0,1,9,3,1,3,31,0,0,2,2,0.93441081,9,2,13,7,12,-8.95,51.9,7

    Level 1
    68764,2,0,1,0,0,0,0,0,0,0,0,0,0,0,0,0,0,0,0,0,0,0,0,0,0,0,0,0,0,0,0,0,6,3,0,3,31,0,0,0,0,0.956976175,6,2,13,7,12,-8.95,51.9,7

    

    
    Level 1
    4030,2,0,1,0,0,0,0,0,0,0,0,0,0,0,0,0,0,0,0,0,0,0,0,0,0,0,0,0,0,0,0,0,8,0,0,8,0,31,0,0,1,1.270368099,0,2,21,53,52,30.2642,59.8944,53
    """
